1.22755 1
1.22744 2
1.22755 3
1.22744 4
1.22755 5
6.08746 6
6.08748 7
6.08746 8
3.22852 9
3.2278 10
3.22852 11
3.2278 12
3.22852 13
3.2278 14
3.22852 15
3.2278 16
3.22852 17
3.2278 18
3.22852 19
3.2278 20
3.22852 21
3.2278 22
3.22852 23
3.2278 24
3.22852 25
3.2278 26
3.22852 27
3.2278 28
3.22852 29
3.2278 30
3.22852 31
3.2278 32
3.22852 33
3.2278 34
3.22852 35
16.9994 36
16.9999 37
16.9994 38
16.9999 39
16.9994 40
16.9999 41
16.9994 42
16.9999 43
16.9994 44
16.9999 45
16.9994 46
16.9999 47
16.9994 48
16.9999 49
16.9994 50
