199.997 1
199.964 2
199.945 3
199.94 4
199.943 5
199.946 6
199.947 7
199.932 8
199.915 9
199.906 10
199.908 11
199.921 12
199.921 13
199.963 14
199.956 15
199.969 16
199.98 17
199.991 18
199.996 19
200.002 20
200.012 21
200 22
199.991 23
199.993 24
199.993 25
199.979 26
199.9 27
199.908 28
199.899 29
199.899 30
199.886 31
199.899 32
199.903 33
199.916 34
199.922 35
199.951 36
199.958 37
199.975 38
199.979 39
200.003 40
200.029 41
200.037 42
200.031 43
200.015 44
200 45
199.978 46
199.943 47
199.93 48
199.915 49
199.901 50
199.9 51
199.902 52
199.914 53
199.91 54
199.92 55
199.938 56
199.969 57
199.986 58
199.992 59
199.994 60
199.988 61
199.99 62
199.985 63
199.972 64
199.968 65
199.964 66
199.952 67
199.956 68
199.966 69
199.985 70
200 71
200.263 72
200.036 73
200.268 74
200.1 75
200.239 76
200.169 77
200.186 78
200.231 79
200.149 80
200.294 81
200.109 82
200.346 83
200.088 84
200.404 85
200.077 86
200.445 87
200.08 88
200.485 89
200.072 90
200.497 91
200.061 92
200.525 93
200.077 94
199.965 95
200.533 96
200.084 97
199.972 98
200.53 99
200.106 100
199.967 101
200.528 102
200.132 103
199.956 104
200.532 105
200.165 106
199.938 107
200.54 108
200.204 109
199.905 110
200.588 111
200.246 112
199.895 113
200.659 114
200.26 115
199.892 116
200.74 117
200.266 118
199.892 119
200.848 120
200.272 121
199.911 122
200.958 123
200.266 124
199.926 125
201.096 126
200.263 127
199.965 128
201.377 129
201.259 130
200.246 131
200.032 132
201.361 133
201.405 134
200.192 135
200.089 136
201.307 137
201.541 138
200.166 139
200.147 140
201.279 141
201.654 142
200.129 143
200.195 144
201.243 145
201.774 146
200.1 147
200.259 148
201.214 149
201.871 150
200.089 151
200.309 152
201.203 153
201.969 154
200.073 155
200.37 156
201.187 157
202.032 158
200.074 159
200.403 160
201.188 161
202.099 162
200.071 163
200.447 164
201.185 165
202.148 166
200.077 167
200.485 168
201.191 169
202.169 170
200.104 171
200.501 172
201.218 173
202.176 174
200.125 175
200.503 176
201.239 177
199.943 178
202.194 179
200.14 180
200.512 181
201.254 182
199.943 183
202.246 184
200.185 185
200.547 186
201.3 187
199.962 188
202.314 189
200.221 190
200.592 191
201.336 192
199.984 193
202.403 194
200.255 195
200.655 196
201.369 197
200.02 198
202.505 199
200.274 200
200.736 201
201.388 202
200.08 203
202.553 204
200.278 205
200.771 206
201.393 207
200.103 208
202.588 209
200.278 210
200.798 211
201.392 212
200.122 213
202.605 214
200.274 215
200.811 216
201.389 217
200.13 218
202.607 219
200.25 220
200.809 221
201.364 222
200.125 223
202.601 224
200.194 225
200.806 226
201.309 227
200.126 228
202.538 229
200.154 230
200.755 231
201.267 232
200.087 233
202.469 234
200.115 235
200.7 236
201.229 237
200.044 238
202.418 239
200.09 240
200.66 241
201.204 242
200.016 243
202.384 244
200.092 245
200.63 246
201.206 247
199.989 248
202.372 249
200.092 250
200.618 251
201.206 252
199.978 253
202.359 254
200.112 255
200.604 256
201.225 257
199.963 258
202.36 259
200.134 260
200.599 261
201.248 262
199.953 263
202.387 264
200.162 265
200.613 266
201.276 267
199.952 268
202.442 269
200.203 270
200.642 271
201.318 272
199.955 273
202.52 274
200.26 275
200.678 276
201.375 277
199.95 278
202.621 279
200.275 280
200.728 281
201.39 282
199.949 283
202.732 284
200.273 285
200.781 286
201.387 287
199.943 288
202.868 289
200.267 290
200.853 291
201.382 292
199.951 293
203.01 294
200.253 295
200.924 296
201.368 297
199.95 298
203.189 299
200.242 300
201.023 301
201.356 302
199.971 303
203.384 304
200.194 305
201.139 306
201.309 307
200.008 308
203.537 309
203.541 310
200.144 311
201.223 312
201.258 313
200.018 314
203.487 315
203.724 316
200.108 317
201.335 318
201.222 319
200.058 320
203.449 321
203.898 322
200.081 323
201.441 324
201.195 325
200.097 326
203.423 327
204.079 328
200.076 329
201.553 330
201.19 331
200.141 332
203.418 333
204.269 334
200.061 335
201.68 336
201.175 337
200.204 338
203.403 339
204.43 340
200.037 341
201.789 342
201.151 343
200.261 344
203.379 345
204.551 346
200.018 347
201.872 348
201.132 349
200.305 350
203.36 351
204.644 352
199.999 353
201.941 354
201.112 355
200.351 356
203.338 357
204.681 358
199.984 359
201.972 360
201.098 361
200.377 362
203.325 363
204.674 364
199.974 365
201.974 366
201.087 367
200.387 368
203.314 369
204.618 370
199.963 371
201.944 372
201.077 373
200.383 374
203.304 375
204.518 376
199.945 377
201.878 378
201.058 379
200.352 380
203.284 381
204.387 382
199.922 383
201.792 384
201.035 385
200.311 386
203.262 387
204.245 388
199.916 389
201.701 390
201.029 391
200.27 392
203.255 393
204.086 394
199.92 395
201.594 396
201.034 397
200.215 398
203.26 399
203.925 400
199.928 401
201.482 402
201.041 403
200.152 404
203.267 405
203.795 406
199.924 407
201.4 408
201.038 409
200.118 410
203.264 411
203.667 412
199.934 413
201.32 414
201.048 415
200.085 416
203.274 417
203.539 418
199.946 419
201.235 420
201.059 421
200.044 422
203.286 423
203.432 424
199.959 425
201.165 426
201.072 427
200.012 428
203.299 429
203.352 430
199.959 431
201.119 432
201.073 433
200 434
203.299 435
203.27 436
199.983 437
201.065 438
201.096 439
199.972 440
203.228 441
199.997 442
201.04 443
201.11 444
199.965 445
203.198 446
199.998 447
201.02 448
201.111 449
199.956 450
203.183 451
200.004 452
201.008 453
201.117 454
199.946 455
203.171 456
200.018 457
200.991 458
201.132 459
199.923 460
203.177 461
200.013 462
200.982 463
201.127 464
199.9 465
203.199 466
199.993 467
200.982 468
201.106 469
199.878 470
203.239 471
199.979 472
200.998 473
201.093 474
199.869 475
203.319 476
203.28 477
199.965 478
201.014 479
201.078 480
199.859 481
203.304 482
203.312 483
199.95 484
201.023 485
201.063 486
199.847 487
203.29 488
203.346 489
199.946 490
201.036 491
201.059 492
199.838 493
203.285 494
203.381 495
199.933 496
201.053 497
201.047 498
199.838 499
203.273 500
203.407 501
199.92 502
201.069 503
201.034 504
199.844 505
203.26 506
203.419 507
199.914 508
201.081 509
201.027 510
199.856 511
203.254 512
203.367 513
199.912 514
201.032 515
201.026 516
199.81 517
203.252 518
203.345 519
199.912 520
201.008 521
201.025 522
199.784 523
203.252 524
203.317 525
199.91 526
200.971 527
201.023 528
199.737 529
203.248 530
203.324 531
199.911 532
200.96 533
201.024 534
199.708 535
203.25 536
203.357 537
199.903 538
200.963 539
201.017 540
199.681 541
203.243 542
203.435 543
199.911 544
200.997 545
201.024 546
199.67 547
203.25 548
203.555 549
199.914 550
201.062 551
201.027 552
199.68 553
203.252 554
203.717 555
199.921 556
201.162 557
201.035 558
199.719 559
203.262 560
203.93 561
199.936 562
201.303 563
201.05 564
199.788 565
203.277 566
204.189 567
199.945 568
201.487 569
201.058 570
199.897 571
203.285 572
204.432 573
199.947 574
201.658 575
201.06 576
199.996 577
203.286 578
204.67 579
199.963 580
201.826 581
201.076 582
200.093 583
203.302 584
199.472 585
204.93 586
199.981 587
202.016 588
201.094 589
200.215 590
203.32 591
199.525 592
205.177 593
199.981 594
202.202 595
201.094 596
200.34 597
203.32 598
199.59 599
205.384 600
199.967 601
202.359 602
201.08 603
200.447 604
203.306 605
199.647 606
205.539 607
199.95 608
202.474 609
201.063 610
200.522 611
203.29 612
199.682 613
205.661 614
199.925 615
202.561 616
201.038 617
200.574 618
203.265 619
199.7 620
205.788 621
199.924 622
202.656 623
201.037 624
200.638 625
203.263 626
199.732 627
205.875 628
199.923 629
202.715 630
201.036 631
200.67 632
203.262 633
199.736 634
205.957 635
199.909 636
202.774 637
201.022 638
200.705 639
203.249 640
199.748 641
206.037 642
199.919 643
202.835 644
201.032 645
200.747 646
203.259 647
199.771 648
206.114 649
199.912 650
202.898 651
201.025 652
200.796 653
203.251 654
199.806 655
206.156 656
199.897 657
202.937 658
201.01 659
200.831 660
203.235 661
199.839 662
206.162 663
199.889 664
202.952 665
201.002 666
200.857 667
203.228 668
199.874 669
206.121 670
199.87 671
202.934 672
200.983 673
200.861 674
203.208 675
199.901 676
206.051 677
199.878 678
202.895 679
200.991 680
200.853 681
203.216 682
199.924 683
205.962 684
199.903 685
202.835 686
201.016 687
200.823 688
203.242 689
199.924 690
205.888 691
199.898 692
202.788 693
201.011 694
200.803 695
203.237 696
199.931 697
205.826 698
199.898 699
202.751 700
201.012 701
200.789 702
203.238 703
199.941 704
205.785 705
199.915 706
202.727 707
201.028 708
200.783 709
203.254 710
199.953 711
205.75 712
199.927 713
202.707 714
201.04 715
200.777 716
203.266 717
199.961 718
205.709 719
199.922 720
202.672 721
201.036 722
200.749 723
203.262 724
199.94 725
205.724 726
199.929 727
202.685 728
201.042 729
200.76 730
203.269 731
199.948 732
205.736 733
199.954 734
202.683 735
201.068 736
200.744 737
203.294 738
199.918 739
205.821 740
199.964 741
202.738 742
201.077 743
200.77 744
203.303 745
199.915 746
205.927 747
199.968 748
202.806 749
201.082 750
200.798 751
203.309 752
199.904 753
206.073 754
199.959 755
202.905 756
201.072 757
200.851 758
203.298 759
199.91 760
206.218 761
199.951 762
203.002 763
201.064 764
200.9 765
203.291 766
199.911 767
206.382 768
199.928 769
203.12 770
201.041 771
200.973 772
203.268 773
199.939 774
206.507 775
199.921 776
203.206 777
201.034 778
201.018 779
203.26 780
199.944 781
206.633 782
199.92 783
203.294 784
201.032 785
201.068 786
203.258 787
199.955 788
206.597 789
206.749 790
199.901 791
203.378 792
201.014 793
201.121 794
203.24 795
199.977 796
206.58 797
206.83 798
199.902 799
203.435 800
201.016 801
201.155 802
203.242 803
199.987 804
206.582 805
206.903 806
199.903 807
203.492 808
201.016 809
201.195 810
203.242 811
200.011 812
206.582 813
206.933 814
199.885 815
203.517 816
200.998 817
201.215 818
203.224 819
200.026 820
206.564 821
206.928 822
199.884 823
203.519 824
200.998 825
201.224 826
203.224 827
200.042 828
206.564 829
206.88 830
199.877 831
203.487 832
200.99 833
201.208 834
203.216 835
200.042 836
206.556 837
206.827 838
199.893 839
203.459 840
201.005 841
201.205 842
203.231 843
200.065 844
206.571 845
206.73 846
199.893 847
203.392 848
201.007 849
201.168 850
203.233 851
200.057 852
206.603 853
199.886 854
203.293 855
200.999 856
201.098 857
203.224 858
200.016 859
206.504 860
199.893 861
203.221 862
201.005 863
201.052 864
203.231 865
199.996 866
206.423 867
199.914 868
203.164 869
201.027 870
201.018 871
203.253 872
199.985 873
206.334 874
199.921 875
203.092 876
201.034 877
200.963 878
203.26 879
199.948 880
206.288 881
199.913 882
203.058 883
201.026 884
200.942 885
203.252 886
199.939 887
206.246 888
199.909 889
203.028 890
201.022 891
200.923 892
203.248 893
199.932 894
206.212 895
199.927 896
203 897
201.04 898
200.903 899
203.266 900
199.918 901
206.189 902
199.93 903
202.976 904
201.044 905
200.878 906
203.27 907
199.892 908
